0	0.000	n/a	n/a	n/a	n/a	n/a	n/a	n/a
0.002	0.010	2.406	0.481	1.503	86.138	1.429	81.888	382.900799
0.004	0.020	1.203	0.241	1.437	82.312	1.362	78.062	95.72519975
0.006	0.030	0.802	0.160	1.371	78.552	1.297	74.302	42.54453322
0.008	0.040	0.601	0.120	1.307	74.890	1.233	70.640	23.93129994
0.01	0.050	0.481	0.096	1.245	71.350	1.171	67.100	15.31603196
0.012	0.060	0.401	0.080	1.186	67.952	1.112	63.702	10.63613331
0.014	0.070	0.344	0.069	1.129	64.709	1.055	60.459	7.814302021
0.016	0.080	0.301	0.060	1.076	61.631	1.001	57.381	5.982824985
0.018	0.090	0.267	0.053	1.025	58.721	0.951	54.471	4.727170358
0.02	0.100	0.241	0.048	0.977	55.981	0.903	51.731	3.82900799
0.022	0.110	0.219	0.044	0.932	53.406	0.858	49.156	3.164469413
0.024	0.120	0.200	0.040	0.890	50.993	0.816	46.743	2.659033327
0.026	0.130	0.185	0.037	0.851	48.733	0.776	44.483	2.265685201
0.028	0.140	0.172	0.034	0.814	46.620	0.739	42.370	1.953575505
0.03	0.150	0.160	0.032	0.779	44.644	0.705	40.394	1.701781329
0.032	0.160	0.150	0.030	0.747	42.797	0.673	38.547	1.495706246
0.034	0.170	0.142	0.028	0.717	41.071	0.643	36.821	1.32491626
0.036	0.180	0.134	0.027	0.689	39.456	0.614	35.206	1.18179259
0.038	0.190	0.127	0.025	0.662	37.945	0.588	33.695	1.060667033
0.04	0.200	0.120	0.024	0.638	36.529	0.563	32.279	0.957251998
0.042	0.210	0.115	0.023	0.614	35.202	0.540	30.952	0.86825578
0.044	0.220	0.109	0.022	0.593	33.956	0.518	29.706	0.791117353
0.046	0.230	0.105	0.021	0.572	32.786	0.498	28.536	0.723820036
0.048	0.240	0.100	0.020	0.553	31.686	0.479	27.436	0.664758332
0.05	0.250	0.096	0.019	0.535	30.651	0.461	26.401	0.612641278
0.052	0.260	0.093	0.019	0.518	29.675	0.444	25.425	0.5664213
0.054	0.270	0.089	0.018	0.502	28.753	0.428	24.503	0.525241151
0.056	0.280	0.086	0.017	0.487	27.883	0.412	23.633	0.488393876
0.058	0.290	0.083	0.017	0.472	27.060	0.398	22.810	0.45529227
0.06	0.300	0.080	0.016	0.459	26.281	0.385	22.031	0.425445332
0.062	0.310	0.078	0.016	0.446	25.543	0.372	21.293	0.398439957
0.064	0.320	0.075	0.015	0.434	24.842	0.359	20.592	0.373926562
0.066	0.330	0.073	0.015	0.422	24.177	0.348	19.927	0.351607713
0.068	0.340	0.071	0.014	0.411	23.544	0.337	19.294	0.331229065
0.07	0.350	0.069	0.014	0.400	22.942	0.326	18.692	0.312572081
0.072	0.360	0.067	0.013	0.390	22.368	0.316	18.118	0.295448147
0.074	0.370	0.065	0.013	0.381	21.821	0.307	17.571	0.27969379
0.076	0.380	0.063	0.013	0.372	21.299	0.298	17.049	0.265166758
0.078	0.390	0.062	0.012	0.363	20.800	0.289	16.550	0.2517428
0.08	0.400	0.060	0.012	0.355	20.323	0.281	16.073	0.239312999
0.082	0.410	0.059	0.012	0.347	19.867	0.273	15.617	0.227781558
0.084	0.420	0.057	0.011	0.339	19.429	0.265	15.179	0.217063945
0.086	0.430	0.056	0.011	0.332	19.010	0.258	14.760	0.207085343
0.088	0.440	0.055	0.011	0.325	18.608	0.251	14.358	0.197779338
0.09	0.450	0.053	0.011	0.318	18.222	0.244	13.972	0.189086814
0.092	0.460	0.052	0.010	0.312	17.852	0.237	13.602	0.180955009
0.094	0.470	0.051	0.010	0.305	17.495	0.231	13.245	0.173336713
0.096	0.480	0.050	0.010	0.299	17.152	0.225	12.902	0.166189583
0.098	0.490	0.049	0.010	0.294	16.822	0.219	12.572	0.159475551
0.1	0.500	0.048	0.010	0.288	16.504	0.214	12.254	0.15316032
0.102	0.510	0.047	0.009	0.283	16.198	0.209	11.948	0.147212918
0.104	0.520	0.046	0.009	0.278	15.902	0.203	11.652	0.141605325
0.106	0.530	0.045	0.009	0.273	15.617	0.198	11.367	0.136312139
0.108	0.540	0.045	0.009	0.268	15.342	0.194	11.092	0.131310288
0.11	0.550	0.044	0.009	0.263	15.075	0.189	10.825	0.126578777
0.112	0.560	0.043	0.009	0.259	14.818	0.184	10.568	0.122098469
0.114	0.570	0.042	0.008	0.254	14.569	0.180	10.319	0.117851893
0.116	0.580	0.041	0.008	0.250	14.329	0.176	10.079	0.113823067
0.118	0.590	0.041	0.008	0.246	14.095	0.172	9.845	0.109997357
0.12	0.600	0.040	0.008	0.242	13.870	0.168	9.620	0.106361333
0.122	0.610	0.039	0.008	0.238	13.651	0.164	9.401	0.10290266
0.124	0.620	0.039	0.008	0.235	13.439	0.160	9.189	0.099609989
0.126	0.630	0.038	0.008	0.231	13.233	0.157	8.983	0.096472864
0.128	0.640	0.038	0.008	0.227	13.033	0.153	8.783	0.09348164
0.13	0.650	0.037	0.007	0.224	12.840	0.150	8.590	0.090627408
0.132	0.660	0.036	0.007	0.221	12.651	0.147	8.401	0.087901928
0.134	0.670	0.036	0.007	0.218	12.468	0.143	8.218	0.085297572
0.136	0.680	0.035	0.007	0.215	12.291	0.140	8.041	0.082807266
0.138	0.690	0.035	0.007	0.211	12.118	0.137	7.868	0.080424448
0.14	0.700	0.034	0.007	0.209	11.950	0.134	7.700	0.07814302
0.142	0.710	0.034	0.007	0.206	11.786	0.132	7.536	0.07595731
0.144	0.720	0.033	0.007	0.203	11.627	0.129	7.377	0.073862037
0.146	0.730	0.033	0.007	0.200	11.472	0.126	7.222	0.07185228
0.148	0.740	0.033	0.007	0.198	11.321	0.123	7.071	0.069923448
0.15	0.750	0.032	0.006	0.195	11.174	0.121	6.924	0.068071253
0.152	0.760	0.032	0.006	0.193	11.030	0.118	6.780	0.06629169
0.154	0.770	0.031	0.006	0.190	10.891	0.116	6.641	0.064581008
0.156	0.780	0.031	0.006	0.188	10.754	0.114	6.504	0.0629357
0.158	0.790	0.030	0.006	0.185	10.621	0.111	6.371	0.061352475
0.16	0.800	0.030	0.006	0.183	10.491	0.109	6.241	0.05982825
0.162	0.810	0.030	0.006	0.181	10.365	0.107	6.115	0.058360128
0.164	0.820	0.029	0.006	0.179	10.241	0.105	5.991	0.05694539
0.166	0.830	0.029	0.006	0.177	10.120	0.102	5.870	0.055581478
0.168	0.840	0.029	0.006	0.175	10.002	0.100	5.752	0.054265986
0.17	0.850	0.028	0.006	0.173	9.887	0.098	5.637	0.05299665
0.172	0.860	0.028	0.006	0.171	9.774	0.096	5.524	0.051771336
0.174	0.870	0.028	0.006	0.169	9.664	0.094	5.414	0.05058803
0.176	0.880	0.027	0.005	0.167	9.556	0.093	5.306	0.049444835
0.178	0.890	0.027	0.005	0.165	9.451	0.091	5.201	0.048339957
0.18	0.900	0.027	0.005	0.163	9.348	0.089	5.098	0.047271704
0.182	0.910	0.026	0.005	0.161	9.247	0.087	4.997	0.046238473
0.184	0.920	0.026	0.005	0.160	9.148	0.085	4.898	0.045238752
0.186	0.930	0.026	0.005	0.158	9.051	0.084	4.801	0.044271106
0.188	0.940	0.026	0.005	0.156	8.956	0.082	4.706	0.043334178
0.19	0.950	0.025	0.005	0.155	8.864	0.081	4.614	0.042426681
0.192	0.960	0.025	0.005	0.153	8.773	0.079	4.523	0.041547396
0.194	0.970	0.025	0.005	0.152	8.684	0.077	4.434	0.040695164
0.196	0.980	0.025	0.005	0.150	8.596	0.076	4.346	0.039868888
0.198	0.990	0.024	0.005	0.149	8.511	0.074	4.261	0.039067524
TIP	1.000	0.024	0.005	0.147	8.427	0.073	4.177	0.03829008
